image: cartorealsecondwithodom.pgm
resolution: 0.050000
origin: [-12.431512, -9.364069, 0.000000]
negate: 0
occupied_thresh: 0.65
free_thresh: 0.196

