image: secondfloor.pgm
resolution: 0.050000
origin: [-6.061337, -6.097932, 0.000000]
negate: 0
occupied_thresh: 0.65
free_thresh: 0.196

